679
178
296
203
319
223
328
1023
114
115
121
126
117
117
5
4
5
1402
117
718
111
5
637
129
117
3
6
1409
2887
505
283
1101
113
128
118
113
125
107
112
129
116
123
159
117
504
121
722
131
117
147
131
119
116
142
148
116
130
687
174
121
148
138
164
120
746
118
121
124
133
121
114
130
127
119
130
128
153
134
185
121
132
127
682
123
115
154
137
167
119
177
125
177
122
187
190
118
119
129
115
126
138
114
114
132
131
741
147
137
119
413
117
138
167
148
133
115
127
121
120
127
178
158
133
131
119
131
127
123
844
110
113
107
111
123
105
102
104
942
1146
242
446
156
361
482
687
706
911
211
416
162
332
145
265
185
389
836
956
111
223
107
219
106
215
113
226
111
219
113
225
110
224
112
225
111
223
171
286
110
218
111
223
108
220
110
224
112
225
117
243
106
214
110
230
111
220
169
278
107
219
110
222
107
220
109
221
110
221
108
219
617
731
112
251
114
222
107
222
105
213
657
786
112
221
116
226
113
229
110
224
113
229
108
223
